BOT_TOKEN=8366226878:AAF7tLTSoc385Xf6DWSemGypx3EMLGO_rcM
CHAT_ID=606056937
PEPE_TARGET=0.0000130
FLOKI_TARGET=0.0000150
